N  S_wide  S_narrow
100 0.87499224 0.93750000
600 0.97221360 0.95208333
1100 0.87499224 0.97272727
1600 1.06335862 0.93203125
2100 0.91665853 0.92976190
2600 0.91986363 0.94230769
3100 0.98162211 0.95725806
3600 0.94520766 0.94479167
4100 0.95561483 0.95640244
4600 0.92148941 0.94483696
5100 0.95124428 0.94509804
5600 0.92533901 0.95781250
6100 0.88136741 0.94323770
6600 0.94864478 0.94318182
7100 0.97358291 0.93978873
7600 0.92104446 0.93914474
8100 0.94940859 0.94768519
8600 0.93942965 0.94970930
9100 0.89208610 0.94835165
9600 0.92360292 0.94791667
10100 0.95199925 0.95160891
10600 0.98505415 0.94716981
11100 1.00374485 0.95022523
11600 0.99903328 0.94784483
12100 0.96016136 0.93801653
12600 0.97067040 0.93571429
13100 0.94623842 0.94141221
13600 0.93790017 0.93639706
14100 0.97221360 0.94769504
14600 1.00550858 0.94871575
15100 0.90460934 0.94718543
15600 0.94853147 0.94663462
16100 0.93235888 0.94433230
16600 0.91657487 0.94073795
17100 0.94833467 0.95029240
17600 0.94846065 0.94360795
18100 0.93568844 0.94136740
18600 0.94764691 0.94657258
19100 0.92843853 0.94496073
19600 0.94046785 0.93941327
20100 0.94754549 0.94732587
20600 0.94200890 0.94459951
21100 0.94548924 0.93981043
21600 0.95330944 0.94658565
22100 0.94933798 0.94892534
22600 0.95285536 0.94203540
23100 0.93728125 0.94134199
23600 0.95285171 0.95132415
24100 0.94599207 0.94802905
24600 0.93348314 0.94420732
25100 0.96872757 0.94790837
25600 0.95512390 0.94926758
26100 0.94390393 0.94980843
26600 0.94955298 0.94887218
27100 0.95068857 0.95138376
27600 0.96411182 0.94755435
28100 0.94072910 0.94630783
28600 0.95351718 0.94519231
29100 0.93780191 0.94613402
29600 0.93017193 0.93923142
30100 0.95412590 0.94132060
30600 0.94711396 0.94554739
31100 0.94001488 0.94541801
31600 0.94636994 0.94232595
32100 0.94495527 0.94100467
32600 0.94418044 0.94559049
33100 0.96957011 0.95147281
33600 0.95253784 0.94255952
34100 0.94854975 0.94703079
34600 0.91264444 0.94226879
35100 0.95670250 0.94864672
35600 0.93698451 0.94799860
36100 0.93020104 0.94532548
36600 0.95733820 0.93989071
37100 0.97221360 0.94811321
37600 0.96368087 0.94547872
38100 0.95766867 0.94589895
38600 0.95962016 0.93886010
39100 0.93044074 0.94232737
39600 0.93587834 0.94472854
40100 0.94893866 0.94354738
40600 0.96287460 0.94267241
41100 0.96464405 0.94659367
41600 0.94720714 0.94498197
42100 0.95604852 0.94260689
42600 0.96331305 0.94512911
43100 0.95213772 0.94521462
43600 0.95169900 0.94501147
44100 0.95920666 0.94764739
44600 0.90616411 0.94509529
45100 0.94591425 0.94354213
45600 0.94854787 0.94435307
46100 0.93214405 0.94495662
46600 0.96240801 0.94543991
47100 0.97076869 0.94660297
47600 0.92768785 0.94472164
48100 0.94876728 0.94646570
48600 0.96541210 0.94295267
49100 0.96666940 0.94974542
49600 0.94810427 0.93994456
50100 0.93417889 0.94658184
50600 0.91783880 0.94631917
51100 0.94690941 0.94432485
51600 0.92755960 0.94774709
52100 0.94459601 0.94560940
52600 0.93875910 0.94263308
53100 0.96983341 0.94180791
53600 0.94101570 0.94559235
54100 0.92369277 0.94348429
54600 0.92431516 0.94237637
55100 0.93957122 0.94485027
55600 0.94178821 0.94640288
56100 0.95748309 0.94436275
56600 0.94868122 0.94185071
57100 0.94565224 0.94947461
57600 0.95550367 0.94123264
58100 0.92402125 0.94393287
58600 0.97337494 0.94093430
59100 0.96843002 0.94335871
59600 0.95231258 0.94544883
60100 0.93258093 0.94068220
60600 0.95729349 0.94065594
61100 0.93752578 0.94488543
61600 0.92312944 0.94439935
62100 0.94293760 0.94756441
62600 0.94829652 0.94251198
63100 0.95079716 0.94257132
63600 0.92696592 0.94435928
64100 0.92458878 0.93933307
64600 0.94376958 0.94529799
65100 0.94548146 0.94220430
65600 0.95694866 0.94395960
66100 0.94279715 0.94279501
66600 0.94476973 0.94729730
67100 0.94106219 0.94234352
67600 0.94057351 0.94134615
68100 0.94166239 0.94724670
68600 0.92969697 0.94630102
69100 0.97080663 0.94251085
69600 0.92779349 0.94349856
70100 0.94489176 0.94179743
70600 0.94288194 0.94256374
71100 0.94363516 0.94579817
71600 0.94288425 0.94635126
72100 0.92892919 0.94518031
72600 0.92989686 0.94524793
73100 0.97700151 0.94293776
73600 0.94275658 0.94359715
74100 0.96001172 0.94541161
74600 0.94836439 0.94272788
75100 0.92573894 0.94352530
75600 0.96604081 0.94358466
76100 0.95790506 0.94229632
76600 0.96256761 0.94613251
77100 0.95771236 0.94490921
77600 0.96093792 0.94621456
78100 0.92752414 0.94228553
78600 0.95650480 0.94188931
79100 0.94283824 0.94608091
79600 0.96170978 0.94343593
80100 0.95230810 0.94338327
80600 0.94989852 0.94489764
81100 0.94152473 0.94315660
81600 0.95076771 0.94159007
82100 0.94426690 0.94639160
82600 0.94384756 0.94582324
83100 0.94916593 0.94305054
83600 0.94767567 0.94156699
84100 0.95672292 0.94524376
84600 0.95325198 0.94549350
85100 0.92937222 0.94344888
85600 0.94597746 0.94404206
86100 0.94624273 0.94712544
86600 0.95885408 0.94148383
87100 0.94732225 0.94443169
87600 0.95978347 0.94028253
88100 0.93910757 0.94527526
88600 0.94851177 0.94897009
89100 0.93566011 0.93959035
89600 0.94335100 0.94552176
90100 0.95894142 0.94242508
90600 0.93841147 0.94791667
91100 0.94937565 0.94281010
91600 0.93251841 0.94399563
92100 0.95036254 0.94690554
92600 0.96139956 0.94288607
93100 0.93973686 0.94540816
93600 0.94770052 0.94501870
94100 0.93284979 0.94456695
94600 0.94857627 0.94705338
95100 0.95473215 0.94437434
95600 0.93743357 0.94728033
96100 0.91960682 0.94594173
96600 0.94373156 0.94567805
97100 0.94057410 0.94373069
97600 0.94731058 0.94545338
98100 0.95437481 0.94529817
98600 0.92458893 0.94334432
99100 0.94327283 0.94342836
99600 0.94380856 0.94738956